,country,flux density,latitude,longitude
54,United Kingdom,7.446808510638298,54.7023545,-3.2765753
51,Switzerland,4.25531914893617,46.7985624,8.2319736
49,Spain,10.638297872340425,39.3262345,-4.8380649
47,South Africa,1.0638297872340425,-28.8166236,24.991639
46,Singapore,2.127659574468085,1.2904753,103.8520359
40,Portugal,1.0638297872340425,40.0332629,-7.8896263
35,New Zealand,2.127659574468085,-41.5000831,172.8344077
30,Namibia,1.0638297872340425,-23.2335499,17.3231107
28,Mexico,2.127659574468085,19.4326296,-99.1331785
26,Malta,1.0638297872340425,35.8885993,14.4476911
25,Malaysia,1.0638297872340425,4.5693754,102.2656823
21,Japan,2.127659574468085,36.5748441,139.2394179
20,Italy,18.085106382978722,42.6384261,12.674297
19,Israel,2.127659574468085,31.5313113,34.8667654
18,Indonesia,2.127659574468085,-2.4833826,117.8902853
17,India,1.0638297872340425,22.3511148,78.6677428
15,Greece,2.127659574468085,38.9953683,21.9877132
14,Germany,19.148936170212767,51.0834196,10.4234469
13,France,2.127659574468085,46.603354,1.8883335
11,Finland,2.127659574468085,63.2467777,25.9209164
9,Denmark,3.1914893617021276,55.670249,10.3333283
6,China,1.0638297872340425,35.000074,104.999927
5,Canada,2.127659574468085,61.0666922,-107.9917071
3,Bulgaria,1.0638297872340425,42.6073975,25.4856617
2,Austria,2.127659574468085,47.2000338,13.199959
1,Australia,5.319148936170213,-24.7761086,134.755
